
2017-05-23 16:40:46
[8, 13, 23, 24, 29, 31, 2]
[2, 3, 12, 18, 23, 31, 14]
[1, 5, 11, 17, 18, 28, 3]
[9, 19, 20, 21, 27, 33, 10]
[6, 10, 21, 24, 25, 29, 2]

2017-05-23 16:45:04
[4, 7, 16, 17, 25, 31, 6]
[6, 15, 24, 28, 30, 32, 5]
[2, 4, 11, 22, 24, 30, 14]
[4, 5, 10, 15, 17, 22, 5]
[2, 3, 10, 16, 24, 26, 4]

2017-06-01 17:07:16
[1, 7, 10, 19, 24, 29, 3]
[4, 5, 16, 22, 26, 30, 16]
[10, 13, 28, 29, 30, 32, 6]
[2, 13, 22, 26, 28, 31, 2]
[1, 6, 7, 18, 21, 26, 1]

2017-06-01 17:08:00
[5, 6, 7, 9, 12, 23, 13]
[5, 8, 12, 18, 30, 32, 12]
[2, 5, 8, 13, 17, 31, 12]
[5, 12, 15, 27, 28, 32, 7]
[1, 7, 10, 15, 21, 30, 9]

2017-06-01 17:08:19
[6, 9, 11, 13, 24, 26, 14]
[11, 15, 18, 22, 27, 30, 11]
[4, 6, 16, 19, 20, 26, 10]
[1, 8, 10, 20, 23, 31, 12]
[1, 3, 10, 16, 22, 33, 16]

2017-06-01 17:08:40
[8, 9, 10, 18, 22, 26, 4]
[1, 18, 22, 23, 25, 26, 5]
[1, 6, 13, 15, 26, 33, 13]
[7, 8, 9, 10, 26, 33, 14]
[4, 11, 13, 15, 16, 20, 15]
